49020863114
84092151659
47082816884
68021339543
01271153486
81123041325
47081667658
51071124562
68070415379
55070717877
86031898144
05321521618
53121773966
65122324676
75101759812
82030247675
64032725645
98031012264
60070578661
54120166573
05302673466
87113088257
80101522762
51052615524
70053044988
64090133864
80042567387
98072549664
56091649923
06212564264
97040389466
53011289744
75022486112
95063099753
50093067167
77092837865
57101239398
71050645332
70032244394
78091114643
97051981231
97062241131
81070516581
71081876277
73031376158
60041879126
68122461253
92060121562
87110854857
96020637522
51032116733
54042254879
52030835767
80011082275
70081478649
68111637131
80051125769
68122411173
98012489519
77082446844
57060215316
58030454971
72121537927
95021754838
73080585761
86021919345
61102421946
57122237298
55030959734
51011368825
83020391677
01211347621
65082527591
55032138739
76080411548
51050369623
67102077248
47020112887
90010745664
71070126648
47042319222
76123075737
66091312147
76031641613
70092674281
48112458128
96110727993
54051712957
57070864368
05300167433
53010557158
65022172344
67072144872
93110624879
56060267743
66101268572
81032474829
77091296847
86012249954
83030235189
